1111111111111 @@@@@@@@@@@@@@@@@@@@@@@@@
1111111111111 !!!!!!!!!!!!!!!!!!!!!!!!!
1111111111111 #########################
1111111111111 $$$$$$$$$$$$$$$$$$$$$$$$$
1111111111111 %%%%%%%%%%%%%%%%%%%%%%%%%
1111111111111 22222222222222222222222222
1111111111111 3333333333333333333333333333
1111111111111 44444444444444444444444444444
1111111111111
1111111111111
1111111111111
1111111111111
1111111111111
1111111111111
1111111111111
1111111111111
1111111111111
1111111111111
1111111111111
1111111111111
1111111111111
1111111111111 ^^^^^^^^^^^^^^^^^^^^^^^^^^^^^^^^^^
1111111111111 &&&&&&&&&&&&&&&&&&&&&&&&&&&&&&&&
1111111111111 ******************************
1111111111111 )))))))))))))))))))))))))))
1111111111111 ((((((((((((((((((((((((((
1111111111111
1111111111111
1111111111111
1111111111111
1111111111111
1111111111111
function dd